111
1,2,3,4,5,6,7,8,9,10
11,12,13,14,15,16,17,18,19,20
21,22,23,24,25,26,27,28,29,30
31,32,33,34,35,36,37,38,39,40
41,42,43,44,45,46,47,48,49,50
51,52,53,54,55,56,57,58,59,60
61,62,63,64,65,66,67,68,69,70
71,72,73,74,75,76,77,78,79,80
81,82,83,84,85,86,87,88,89,90
91,92,93,94,95,96,97,98,99,100
101,102,103,104,105,106,107,108,109,110




































































































min
min
min
min
min
min
min
min
min
min
0.5634946124413257
0.5838343353678122
0.9605425055444192
0.9505307025601335
0.0364383367881419
0.891289902038774
0.7804310776487506
0.607154211637547
0.7733446184833446
0.6936294819618801
0.49032590184162606
0.741613610166031
0.21343889023090334
0.9966576537868878
0.3319102630630604
0.5835394980238537
0.9295005595569596
0.6653599633765084
0.9799192387797347
0.48483440137897815
0.5492877616985888
0.929111116130352
0.8712712319721331
0.7125745128547395
0.7001022334936867
0.25519901525716315
0.0017898643355139798
0.6096445373299532
0.3345150199552801
0.549788322863459
0.5879576676858719
0.9591839059722385
0.28277152153233065
0.8191811978826848
0.44829598505738666
0.46074469064807777
0.9121297746147974
0.0873119152583951
0.77019537545651
0.05634585507820711
0.9289604938365214
0.44386028878776695
0.2061866941935061
0.7340970267529313
0.9077405598439283
0.43092038285690415
0.26229127719741563
0.9287936925137122
0.7930157396565187
0.5258459288875301
0.8361466366146496
0.8641465081374449
0.6941173694359483
0.2852346570748536
0.9242031033718262
0.4279286570717161
0.33714488498147455
0.6505797328054331
0.26103973844537964
0.6364468879159395
0.531861756883863
0.9302384634557279
0.9991765365764119
0.886115355966783
0.7310676726076968
0.18483130424279526
0.1817708636158034
0.38926900725859626
0.6007433938639374
0.7882768284570514
0.6081660875100074
0.8392631129283027
0.07840001224394177
0.15453746005098623
0.7357677351378872
0.1060265194887261
0.13237338056743753
0.2823359613681945
0.6447145593955309
0.7672902870705433
0.7682075587540086
0.25880877612274067
0.8925569827004954
0.8810144531944235
0.5119195792323205
0.08768418587460047
0.474536151075897
0.021438529287931662
0.25322096786239
0.04436473671434715
0.47913155350247993
0.24619893208684174
0.7802553905123516
0.7617910333840895
0.13200273922993155
0.2500108024595725
0.19508761265583596
0.8988022598533483
0.6052467969174841
0.49370967320353987
1
1
1
1
1
1
1
1
1
1
1
1
1
1
1
1
1
1
1
1
1
1
1
1
1
1
1
1
1
1
1
1
1
1
1
1
1
1
1
1
1
1
1
1
1
1
1
1
1
1
1
1
1
1
1
1
1
1
1
1
1
1
1
1
1
1
1
1
1
1
1
1
1
1
1
1
1
1
1
1
1
1
1
1
1
1
1
1
1
1
1
1
1
1
1
1
1
1
1
1
