57
1,2,3,4,5
6,7
7,8
8,9
9,10
10,11
12,13
13,14
14,15
15,16
16,17
17,18
19,20
20,21
21,22
22,23
23,24
24,25
25,26
27,28
28,29
29,30
30,31
31,32
32,33
33,34
34,35
36,37
37,38
38,39
39,40
40,41
41,42
42,43
43,44
44,45
46,47
47,48
48,49
49,50
50,51
51,52
52,53
53,54
54,55
55,56











min
min
min
min
min
max
max
max
max
max
max
min
min
min
min
min
min
min
max
max
max
max
max
max
max
max
min
min
min
min
min
min
min
min
min
max
max
max
max
max
max
max
max
max
max
0.19733864153132763
0.5417614582399688
0.9329227567845534
0.8205388471052057
0.09397724058765278
0.7074009065933845
0.21149089923859676
0.699466288695375
0.8467473903809136
0.6518605635003144
0.6934766921276043
1
1
1
1
1
1
1
1
1
1
1
